Група: Cyclic group of order 11 as a permutation group
  Кількість елементів групи: 11
  Центр (порядок 11): Subgroup generated by [(1,2,3,4,5,6,7,8,9,10,11)] of (Cyclic group of order 11 as a permutation group)
  Кількість класів спряженості: 11
  Представники класів спряженості:
    ()
    (1,2,3,4,5,6,7,8,9,10,11)
    (1,3,5,7,9,11,2,4,6,8,10)
    (1,4,7,10,2,5,8,11,3,6,9)
    (1,5,9,2,6,10,3,7,11,4,8)
    (1,6,11,5,10,4,9,3,8,2,7)
    (1,7,2,8,3,9,4,10,5,11,6)
    (1,8,4,11,7,3,10,6,2,9,5)
    (1,9,6,3,11,8,5,2,10,7,4)
    (1,10,8,6,4,2,11,9,7,5,3)
    (1,11,10,9,8,7,6,5,4,3,2)
  Формула класу: [1, 1, 1, 1, 1, 1, 1, 1, 1, 1, 1]
  Перевірка: True

Група: Dihedral group of order 26 as a permutation group
  Кількість елементів групи: 26
  Центр (порядок 1): Subgroup generated by [()] of (Dihedral group of order 26 as a permutation group)
  Кількість класів спряженості: 8
  Представники класів спряженості:
    ()
    (2,13)(3,12)(4,11)(5,10)(6,9)(7,8)
    (1,2,3,4,5,6,7,8,9,10,11,12,13)
    (1,3,5,7,9,11,13,2,4,6,8,10,12)
    (1,4,7,10,13,3,6,9,12,2,5,8,11)
    (1,5,9,13,4,8,12,3,7,11,2,6,10)
    (1,6,11,3,8,13,5,10,2,7,12,4,9)
    (1,7,13,6,12,5,11,4,10,3,9,2,8)
  Формула класу: [1, 13, 2, 2, 2, 2, 2, 2]
  Перевірка: True

Група: Quaternion group of order 8 as a permutation group
  Кількість елементів групи: 8
  Центр (порядок 2): Subgroup generated by [(1,3)(2,4)(5,7)(6,8)] of (Quaternion group of order 8 as a permutation group)
  Кількість класів спряженості: 5
  Представники класів спряженості:
    ()
    (1,2,3,4)(5,6,7,8)
    (1,3)(2,4)(5,7)(6,8)
    (1,5,3,7)(2,8,4,6)
    (1,6,3,8)(2,5,4,7)
  Формула класу: [1, 2, 1, 2, 2]
  Перевірка: True

Група: Special Linear Group of degree 3 over Ring of integers modulo 7
  Кількість елементів групи: 5630688
  Центр (порядок 3): Subgroup with 1 generators (
[2 0 0]
[0 2 0]
[0 0 2]
) of Special Linear Group of degree 3 over Ring of integers modulo 7
  Кількість класів спряженості: 64
  Представники класів спряженості:
    [1 0 0]
[0 1 0]
[0 0 1]
    [0 5 0]
[1 1 0]
[0 0 4]
    [0 0 1]
[1 0 1]
[0 1 5]
    [0 0 3]
[1 0 3]
[0 5 5]
    [0 0 2]
[1 0 2]
[0 4 5]
    [4 0 0]
[0 4 0]
[0 0 4]
    [0 6 0]
[1 2 0]
[0 0 1]
    [0 0 1]
[1 0 4]
[0 1 3]
    [0 0 3]
[1 0 5]
[0 5 3]
    [0 0 2]
[1 0 1]
[0 4 3]
    [2 0 0]
[0 2 0]
[0 0 2]
    [0 3 0]
[1 4 0]
[0 0 2]
    [0 0 1]
[1 0 2]
[0 1 6]
    [0 0 3]
[1 0 6]
[0 5 6]
    [0 0 2]
[1 0 4]
[0 4 6]
    [0 0 1]
[1 0 0]
[0 1 4]
    [0 0 1]
[1 0 0]
[0 1 1]
    [0 0 1]
[1 0 0]
[0 1 2]
    [0 0 1]
[1 0 6]
[0 1 0]
    [0 0 1]
[1 0 6]
[0 1 5]
    [0 0 1]
[1 0 6]
[0 1 3]
    [0 0 1]
[1 0 4]
[0 1 4]
    [0 0 1]
[1 0 4]
[0 1 1]
    [0 0 1]
[1 0 5]
[0 1 0]
    [0 0 1]
[1 0 5]
[0 1 6]
    [0 0 1]
[1 0 5]
[0 1 5]
    [0 0 1]
[1 0 1]
[0 1 4]
    [0 0 1]
[1 0 1]
[0 1 2]
    [0 0 1]
[1 0 3]
[0 1 0]
    [0 0 1]
[1 0 3]
[0 1 6]
    [0 0 1]
[1 0 3]
[0 1 3]
    [0 0 1]
[1 0 2]
[0 1 1]
    [0 0 1]
[1 0 2]
[0 1 2]
    [4 0 0]
[0 3 0]
[0 0 3]
    [4 0 0]
[0 0 5]
[0 1 6]
    [1 0 0]
[0 6 0]
[0 0 6]
    [1 0 0]
[0 0 6]
[0 1 5]
    [2 0 0]
[0 5 0]
[0 0 5]
    [2 0 0]
[0 0 3]
[0 1 3]
    [6 0 0]
[0 0 1]
[0 1 6]
    [6 0 0]
[0 0 1]
[0 1 4]
    [6 0 0]
[0 0 1]
[0 1 1]
    [6 0 0]
[0 0 1]
[0 1 3]
    [4 0 0]
[0 0 5]
[0 1 0]
    [4 0 0]
[0 0 5]
[0 1 5]
    [4 0 0]
[0 0 5]
[0 1 2]
    [5 0 0]
[0 0 4]
[0 1 6]
    [5 0 0]
[0 0 4]
[0 1 5]
    [5 0 0]
[0 0 4]
[0 1 1]
    [5 0 0]
[0 0 4]
[0 1 2]
    [1 0 0]
[0 0 6]
[0 1 0]
    [1 0 0]
[0 0 6]
[0 1 4]
    [1 0 0]
[0 0 6]
[0 1 3]
    [3 0 0]
[0 0 2]
[0 1 4]
    [3 0 0]
[0 0 2]
[0 1 5]
    [3 0 0]
[0 0 2]
[0 1 3]
    [3 0 0]
[0 0 2]
[0 1 2]
    [2 0 0]
[0 0 3]
[0 1 0]
    [2 0 0]
[0 0 3]
[0 1 6]
    [2 0 0]
[0 0 3]
[0 1 1]
    [6 0 0]
[0 4 0]
[0 0 5]
    [6 0 0]
[0 3 0]
[0 0 2]
    [4 0 0]
[0 1 0]
[0 0 2]
    [5 0 0]
[0 1 0]
[0 0 3]
  Формула класу: [1, 2736, 38304, 38304, 38304, 1, 2736, 38304, 38304, 38304, 1, 2736, 38304, 38304, 38304, 98784, 98784, 98784, 98784, 98784, 98784, 98784, 98784, 98784, 98784, 98784, 98784, 98784, 98784, 98784, 98784, 98784, 98784, 2793, 134064, 2793, 134064, 2793, 134064, 117306, 117306, 117306, 117306, 117306, 117306, 117306, 117306, 117306, 117306, 117306, 117306, 117306, 117306, 117306, 117306, 117306, 117306, 117306, 117306, 117306, 156408, 156408, 156408, 156408]
  Перевірка: True

