Нормальні підгрупи D8:
16
8
8
8
4
2
1

Нормальні підгрупи D12:
24
12
12
12
6
4
2
3
1

Нормальні підгрупи D16:
32
16
16
16
8
4
2
1

Нормальні підгрупи D18:
36
18
18
18
6
9
2
3
1

Нормальні підгрупи D20:
40
20
20
20
10
4
2
5
1

Нормальні підгрупи D24:
48
24
24
24
12
6
8
4
2
3
1

Нормальні підгрупи D28:
56
28
28
28
14
4
2
7
1

Нормальні підгрупи D30:
60
30
30
30
10
15
6
2
3
5
1

Нормальні підгрупи D32:
64
32
32
32
16
8
4
2
1

Нормальні підгрупи D36:
72
36
36
36
18
12
6
9
4
2
3
1

Нормальні підгрупи D40:
80
40
40
40
20
10
8
4
2
5
1

Нормальні підгрупи D42:
84
42
42
42
14
21
6
2
3
7
1

Нормальні підгрупи D44:
88
44
44
44
22
4
2
11
1

Нормальні підгрупи D48:
96
48
48
48
24
12
6
16
8
4
2
3
1

Нормальні підгрупи D50:
100
50
50
50
10
25
2
5
1

Нормальні підгрупи D52:
104
52
52
52
26
4
2
13
1

Нормальні підгрупи D54:
108
54
54
54
18
27
6
9
2
3
1

Нормальні підгрупи D56:
112
56
56
56
28
14
8
4
2
7
1

Нормальні підгрупи D60:
120
60
60
60
30
20
10
15
12
6
4
2
3
5
1

Нормальні підгрупи D64:
128
64
64
64
32
16
8
4
2
1

Нормальні підгрупи D66:
132
66
66
66
22
33
6
2
3
11
1

Нормальні підгрупи D68:
136
68
68
68
34
4
2
17
1

Нормальні підгрупи D70:
140
70
70
70
14
35
10
2
5
7
1

Нормальні підгрупи D72:
144
72
72
72
36
18
24
12
6
9
8
4
2
3
1

Нормальні підгрупи D76:
152
76
76
76
38
4
2
19
1

Нормальні підгрупи D78:
156
78
78
78
26
39
6
2
3
13
1

Нормальні підгрупи D80:
160
80
80
80
40
20
10
16
8
4
2
5
1

Нормальні підгрупи D84:
168
84
84
84
42
28
14
21
12
6
4
2
3
7
1

Нормальні підгрупи D88:
176
88
88
88
44
22
8
4
2
11
1

Нормальні підгрупи D90:
180
90
90
90
30
45
10
15
18
6
9
2
3
5
1

Нормальні підгрупи D92:
184
92
92
92
46
4
2
23
1

Нормальні підгрупи D96:
192
96
96
96
48
24
12
6
32
16
8
4
2
3
1

Нормальні підгрупи D98:
196
98
98
98
14
49
2
7
1

Нормальні підгрупи D100:
200
100
100
100
50
20
10
25
4
2
5
1

