Нормальні підгрупи D4:
8
4
4
4
2
1

Нормальні підгрупи D6:
12
6
6
6
2
3
1

Нормальні підгрупи D8:
16
8
8
8
4
2
1

Нормальні підгрупи D10:
20
10
10
10
2
5
1

Нормальні підгрупи D12:
24
12
12
12
6
4
2
3
1

Нормальні підгрупи D14:
28
14
14
14
2
7
1

Нормальні підгрупи D16:
32
16
16
16
8
4
2
1

Нормальні підгрупи D18:
36
18
18
18
6
9
2
3
1

Нормальні підгрупи D20:
40
20
20
20
10
4
2
5
1

Нормальні підгрупи D22:
44
22
22
22
2
11
1

Нормальні підгрупи D24:
48
24
24
24
12
6
8
4
2
3
1

Нормальні підгрупи D26:
52
26
26
26
2
13
1

Нормальні підгрупи D28:
56
28
28
28
14
4
2
7
1

Нормальні підгрупи D30:
60
30
30
30
10
15
6
2
3
5
1

Нормальні підгрупи D32:
64
32
32
32
16
8
4
2
1

Нормальні підгрупи D34:
68
34
34
34
2
17
1

Нормальні підгрупи D36:
72
36
36
36
18
12
6
9
4
2
3
1

Нормальні підгрупи D38:
76
38
38
38
2
19
1

Нормальні підгрупи D40:
80
40
40
40
20
10
8
4
2
5
1

Нормальні підгрупи D42:
84
42
42
42
14
21
6
2
3
7
1

Нормальні підгрупи D44:
88
44
44
44
22
4
2
11
1

Нормальні підгрупи D46:
92
46
46
46
2
23
1

Нормальні підгрупи D48:
96
48
48
48
24
12
6
16
8
4
2
3
1

